0.000000000000000000e+00
1.243539237893998006e-05
4.971787216323519942e-05
1.117765074170051776e-04
1.984936115757562902e-04
3.097055368295187350e-04
4.452037710116485414e-04
6.047363260544003083e-04
7.880094004217852444e-04
9.946892982046762199e-04
1.224404580154825339e-03
1.476748426119556257e-03
1.751281179801722487e-03
2.047533050650862663e-03
2.365006944762271246e-03
2.703181394092091239e-03
3.061513560322026706e-03
3.439442279406179637e-03
3.836391125153326698e-03
4.251771462138620450e-03
4.684985464679769507e-03
5.135429079995645907e-03
5.602494914636046985e-03
6.085575024064482363e-03
6.584063589543553974e-03
7.097359472216346887e-03
7.624868623919311972e-03
8.166006356263189048e-03
8.720199450365839766e-03
9.286888110977109534e-03
9.865527755499314821e-03
1.045559064080858747e-02
1.105656732595150515e-02
1.166796797578939504e-02
1.228932350611611213e-02
1.292018657762827871e-02
1.356013244233178483e-02
1.420875965191914503e-02
1.486569063129739021e-02
1.553057213248276724e-02
1.620307556582911701e-02
1.688289723062652570e-02
1.756975844232844253e-02
1.826340557066963299e-02
1.896360999765622779e-02
1.967016800104470775e-02
2.038290057141001199e-02
2.110165317446632827e-02
2.182629546124204012e-02
2.255672093638239062e-02
2.329284658862995627e-02
2.403461249085836471e-02
2.478198137718301552e-02
2.553493819619312433e-02
2.629348965271383065e-02
2.705766373585838380e-02
2.782750924021382133e-02
2.860309528294724402e-02
2.938451081729631653e-02
3.017186414976968933e-02
3.096528245706764437e-02
3.176491130779002248e-02
3.257091419035695878e-02
3.338347204505698329e-02
3.420278280484101430e-02
3.502906094068691800e-02
3.586253701478359091e-02
3.670345724098744711e-02
3.755208304925261587e-02
3.840869065661323134e-02
3.927357064292902322e-02
4.014702752817456144e-02
4.102937935406902881e-02
4.192095726408684442e-02
4.282210508535921889e-02
4.373317890657979490e-02
4.465454665254409150e-02
4.558658765438305949e-02
4.652969221104807929e-02
4.748426114272152887e-02
4.845070533583140104e-02
4.942944527207693284e-02
5.042091054611130829e-02
5.142553936820437599e-02
5.244377804721356284e-02
5.347608045903307072e-02
5.452290749071408982e-02
5.558472646678591644e-02
5.666201055153674560e-02
5.775523812672833657e-02
5.886489214859214059e-02
5.999145947536277390e-02
6.113543017169043026e-02
6.229729678644257973e-02
6.347755360405571423e-02
6.467669587067614856e-02
6.589521899222194889e-02
6.713361771014092483e-02
6.839238525102242505e-02
6.967201245115273167e-02
7.097298686478836771e-02
7.229579184482748389e-02
7.364090561088598719e-02
7.500880029698553386e-02
7.639994098932945121e-02
7.781478474907466136e-02
7.925377963197899334e-02
8.071736369922799526e-02
8.220596402898028288e-02
8.371999573242838721e-02
8.525986097438131850e-02
8.682594800708365312e-02
8.841863021852436333e-02
9.003826520114976972e-02
9.168519384845197351e-02
9.335973947719899968e-02
9.506220698805378788e-02
9.679288206585834331e-02
9.855203042277160819e-02
1.003398970929705314e-01
1.021567057826695546e-01
1.040026582777509034e-01
1.058779339152806642e-01
1.077826891250559527e-01
1.097170570424497171e-01
1.116811471952328105e-01
1.136750452724628602e-01
1.156988129738207860e-01
1.177524879452187534e-01
1.198360837992025196e-01
1.219495902269303045e-01
1.240929731964852678e-01
1.262661752456910591e-01
1.284691158603701311e-01
1.307016919477685946e-01
1.329637783957817732e-01
1.352552287197044123e-01
1.375758757970695356e-01
1.399255326822110845e-01
1.423039935019643210e-01
1.447110344274520344e-01
1.471464147173167092e-01
1.496098778285244180e-01
1.521011525898616767e-01
1.546199544329969200e-01
1.571659866743289058e-01
1.597389418434955743e-01
1.623385030506216964e-01
1.649643453898050893e-01
1.676161373648259456e-01
1.702935423426392703e-01
1.729962200144088413e-01
1.757238278687731636e-01
1.784760226660884186e-01
1.812524619079454169e-01
1.840528052962993044e-01
1.868767161763891238e-01
1.897238629585515923e-01
1.925939205129294507e-01
1.954865715320028841e-01
1.984015078574747903e-01
2.013384317661550682e-01
2.042970572113818051e-01
2.072771110161859554e-01
2.102783340176399562e-01
2.133004821545245733e-01
2.163433275018729063e-01
2.194066592453580711e-01
2.224902846000649248e-01
2.255940296660270405e-01
2.287177402230042844e-01
2.318612824654442406e-01
2.350245436769204943e-01
2.382074328402428165e-01
2.414098811896057128e-01
2.446318427035851784e-01
2.478732945368751217e-01
2.511342373974718711e-01
2.544146958664859071e-01
2.577147186642676502e-01
2.610343788643101348e-01
2.643737740559508609e-01
2.677330264581785357e-01
2.711122829896002173e-01
2.745117152892779799e-01
2.779315197001084314e-01
2.813719172078341657e-01
2.848331533443326791e-01
2.883154980545272750e-01
2.918192455279253750e-01
2.953447139976317359e-01
2.988922455125937461e-01
3.024622056761625544e-01
3.060549833603110059e-01
3.096709903964214305e-01
3.133106612359117804e-01
3.169744525957316483e-01
3.206628430770477323e-01
3.243763327652597894e-01
3.281154428105708121e-01
3.318807149903193476e-01
3.356727112515605072e-01
3.394920132393659529e-01
3.433392218044630795e-01
3.472149564963284973e-01
3.511198550400891349e-01
3.550545727948888342e-01
3.590197821984677518e-01
3.630161721924363150e-01
3.670444476339111972e-01
3.711053286856484945e-01
3.751995501945790679e-01
3.793278610464385636e-01
3.834910235061057548e-01
3.876898125373227089e-01
3.919250151042472652e-01
3.961974294505337113e-01
4.005078643601196475e-01
4.048571383965375858e-01
4.092460791176488755e-01
4.136755222741923532e-01
4.181463109755245711e-01
4.226592948440064390e-01
4.272153291344435999e-01
4.318152738378007172e-01
4.364599927547558877e-01
4.411503525492745936e-01
4.458872217732547938e-01
4.506714698708762512e-01
4.555039661559954212e-01
4.603855787671964350e-01
4.653171735970644818e-01
4.702996132027470466e-01
4.753337556923389329e-01
4.804204535898923822e-01
4.855605526831059393e-01
4.907548908524992370e-01
4.960042968825701948e-01
5.013095892615391236e-01
5.066715749672514590e-01
5.120910482418086218e-01
5.175687893619400626e-01
5.231055634032752977e-01
5.287021190007727967e-01
5.343591871156538886e-01
5.400774798023499912e-01
5.458576889869313220e-01
5.517004852569593609e-01
5.576065166667483197e-01
5.635764075655007588e-01
5.696107574464077672e-01
5.757101398275166204e-01
5.818751011654734739e-01
5.881061598055135065e-01
5.944038049765509868e-01
6.007684958296763966e-01
6.072006605332260776e-01
6.137006954207047116e-01
6.202689641989023173e-01
6.269057972249729715e-01
6.336114908498329257e-01
6.403863068358663924e-01
6.472304718531765033e-01
6.541441770575131542e-01
6.611275777508174301e-01
6.681807931340220108e-01
6.753039061451442393e-01
6.824969633974031780e-01
6.897599752074485835e-01
6.970929157247240937e-01
7.044957231589705771e-01
7.119683001055792104e-01
7.195105139743969147e-01
7.271221975161896722e-01
7.348031494499833727e-01
7.425531351897483034e-01
7.503718876663549864e-01
7.582591082472962540e-01
7.662144677470497101e-01
7.742376075289438830e-01
7.823281406931421600e-01
7.904856533446222855e-01
7.987097059440211311e-01
8.069998347270583849e-01
8.153555531950757995e-01
8.237763536672755293e-01
8.322617088896517856e-01
8.408110736939589103e-01
8.494238867035663887e-01
8.580995720723709752e-01
8.668375412582465245e-01
8.756371948189833887e-01
8.844979242233517169e-01
8.934191136739570993e-01
9.024001419317473349e-01
9.114403841342557655e-01
9.205392136047425566e-01
9.296960036399033456e-01
9.389101292748076588e-01
9.481809690139471059e-01
9.575079065229274988e-01
9.668903322804780487e-01
9.763276451741056405e-01
9.858192540441352847e-01
9.953645791656837716e-01
1.004963053665097306e+00
1.014614124866602296e+00
1.024317255564117346e+00
1.034071925217149079e+00
1.043877631065136313e+00
1.053733889157205894e+00
1.063640235298800363e+00
1.073596225908378443e+00
1.083601438786313764e+00
1.093655473791503852e+00
1.103757953432039862e+00
1.113908523357682867e+00
1.124106852767505771e+00
1.134352634722880282e+00
1.144645586373297164e+00
1.154985449090179195e+00
1.165371988518105084e+00
1.175804994534986214e+00
1.186284281131438689e+00
1.196809686208842649e+00
1.207381071296364183e+00
1.217998321192784061e+00
1.228661343533292261e+00
1.239370068284845416e+00
1.250124447175980258e+00
1.260924453057465477e+00
1.271770079205971626e+00
1.282661338562916420e+00
1.293598262925727660e+00
1.304580902080425098e+00
1.315609322890425759e+00
1.326683608335521569e+00
1.337803856514849343e+00
1.348970179606507003e+00
1.360182702795214027e+00
1.371441563166471589e+00
1.382746908572889843e+00
1.394098896476651639e+00
1.405497692767252005e+00
1.416943470563365892e+00
1.428436408997631801e+00
1.439976691988411162e+00
1.451564507003392457e+00
1.463200043815572116e+00
1.474883493255402911e+00
1.486615045963895376e+00
1.498394891145894192e+00
1.510223215329850710e+00
1.522100201133905983e+00
1.534026026043009416e+00
1.546000861202683652e+00
1.558024870221618841e+00
1.570098208000441531e+00
1.582221019578355481e+00
1.594393439003288115e+00
1.606615588232298109e+00
1.618887576060251909e+00
1.631209497077072967e+00
1.643581430669192045e+00
1.656003440048982256e+00
1.668475571333549290e+00
1.680997852661546332e+00
1.693570293359726087e+00
1.706192883157385154e+00
1.718865591455507769e+00
1.731588366646755972e+00
1.744361135500058779e+00
1.757183802601810285e+00
1.770056249863607434e+00
1.782978336097746919e+00
1.795949896663280754e+00
1.808970743185977170e+00
1.822040663355718237e+00
1.835159420806309782e+00
1.848326755076557859e+00
1.861542381662475876e+00
1.874805992159018331e+00
1.888117254498427044e+00
1.901475813287676786e+00
1.914881290251358337e+00
1.928333284780302748e+00
1.941831374596997506e+00
1.955375116538407454e+00
1.968964047463467537e+00
1.982597685295434786e+00
1.996275530198419190e+00
2.009997065905665181e+00
2.023761761203470400e+00
2.037569071582780111e+00
2.051418441073444399e+00
2.065309304273327484e+00
2.079241088589752096e+00
2.093213216716918623e+00
2.107225109370148175e+00
2.121276188308346633e+00
2.135365879676481171e+00
2.149493617712630922e+00
2.163658848867839879e+00
2.177861036397459316e+00
2.192099665500167660e+00
2.206374249089035899e+00
2.220684334308035801e+00
2.235029509917929147e+00
2.249409414725862533e+00
2.263823747250667040e+00
2.278272276875577873e+00
2.292754856812154074e+00
2.307271439247353229e+00
2.321822093192716707e+00
2.336407025653599590e+00
2.351026606931498009e+00
2.365681401101214831e+00
2.380372203030301392e+00
2.395100083709593264e+00
2.409866446269720797e+00
2.424673095833760783e+00
2.439522327490040610e+00
2.454417038229063763e+00
2.469360870965694232e+00
2.484358402059037019e+00
2.499415388609541822e+00
2.514539099245300946e+00
2.529738763224898435e+00
2.545026190934585486e+00
2.560416647020698377e+00
2.575930105463674735e+00
2.591593096913413774e+00
2.607441502462394922e+00
2.623524912589203950e+00
2.639913679809078317e+00
2.656710830123927281e+00
2.674073244654550763e+00
2.692251780938468286e+00
2.711673543705730438e+00
2.733128898724469735e+00
2.758260549250397986e+00
2.791132330544591866e+00
2.845260253801331629e+00
3.007799537839227710e+00
2.218893773770881594e+00
2.642074290040875795e+00
2.717239260939809498e+00
2.755885724079853105e+00
2.783380382515927565e+00
2.806018970729446949e+00
2.826108250100562103e+00
2.844692537196282345e+00
2.862313167464114017e+00
2.879278653927276110e+00
2.895777630426417559e+00
2.911931871190558851e+00
2.927823462816322220e+00
2.943509724093299695e+00
2.959031868154758271e+00
2.974420268723294569e+00
2.989697788305610615e+00
3.004881952286275748e+00
3.019986410278269418e+00
3.035021943188398019e+00
3.049997172634799636e+00
3.064919070527780676e+00
3.079793331550026547e+00
3.094624649736729793e+00
3.109416926787202495e+00
3.124173431018551828e+00
3.138896920107942190e+00
3.153589736926609266e+00
3.168253885138705428e+00
3.182891089414967567e+00
3.197502843835596131e+00
3.212090451139910208e+00
3.226655054827980873e+00
3.241197665632988389e+00
3.255719183538296146e+00
3.270220416237712868e+00
3.284702094750345136e+00
3.299164886746073666e+00
3.313609408021680913e+00
3.328036232485103163e+00
3.342445900926681812e+00
3.356838928818063117e+00
3.371215813322271604e+00
3.385577039675710331e+00
3.399923087074972816e+00
3.414254434178058961e+00
3.428571564319558451e+00
3.442874970521025091e+00
3.457165160368802503e+00
3.471442660835827532e+00
3.485708023096809605e+00
3.499961827407141346e+00
3.514204688096571161e+00
3.528437258735279247e+00
3.542660237532119449e+00
3.556874373024378588e+00
3.571080470120163941e+00
3.585279396568016974e+00
3.599472089922256313e+00
3.613659565094320847e+00
3.627842922578012441e+00
3.642023357459019728e+00
3.656202169328151008e+00
3.670380773236503025e+00
3.684560711855394910e+00
3.698743669024084024e+00
3.712931484905081625e+00
3.727126173003053378e+00
3.741329939340462207e+00
3.755545204152154426e+00
3.769774626513277660e+00
3.784021132402997090e+00
3.798287946802468618e+00
3.812578630548344893e+00
3.826897122809136409e+00
3.841247790240183146e+00
3.855635484101987753e+00
3.870065606919802725e+00
3.884544190620173421e+00
3.899077988557960062e+00
3.913674584419994051e+00
3.928342521778500629e+00
3.943091459027560308e+00
3.957932355754242071e+00
3.972877698264724255e+00
3.987941774264234240e+00
4.003141009688498286e+00
4.018494384784625950e+00
4.034023952117724576e+00
4.049755486906856383e+00
4.065719310913413764e+00
4.081951346431898386e+00
4.098494478994162193e+00
4.115400339596508417e+00
4.132731665063984927e+00
4.150565467423317223e+00
4.168997354542678835e+00
4.188147519779050754e+00
4.208169201526591685e+00
4.229260882694690693e+00
4.251684300811586326e+00
4.275791751870527513e+00
4.302068757388208375e+00
4.331203104472715282e+00
4.364201170145178388e+00
4.402593404009766509e+00
4.448818079465552522e+00
4.506986534588292237e+00
4.584529592481144000e+00
4.696039866233734372e+00
4.872741010129631789e+00
5.182112344892958689e+00
5.697483296517805940e+00
3.219912920836089487e+00
3.593071506439610374e+00
3.807607583904732085e+00
3.938190594305657211e+00
4.026163421710801771e+00
4.090600862060167486e+00
4.140927172985383820e+00
4.182213296237306643e+00
4.217398475634855259e+00
4.248294355344557793e+00
4.276075644993804659e+00
4.301537037972437361e+00
4.325235919068171953e+00
4.347575719752014400e+00
4.368856749354160129e+00
4.389308371583834578e+00
4.409110051781778949e+00
4.428405534425896128e+00
4.447312653358983070e+00
4.465930294474617313e+00
4.484343461869329417e+00
4.502627059212931826e+00
4.520848790396509109e+00
4.539071453437640180e+00
4.557354818728370560e+00
4.575757229269554749e+00
4.594337026003269209e+00
4.613153879428224968e+00
4.632270095457782233e+00
4.651751956691537515e+00
4.671671158571624183e+00
4.692106402676413879e+00
4.713145216546619665e+00
4.734886081299459981e+00
4.757440965563660917e+00
4.780938388202560674e+00
4.805527164451376620e+00
4.831381032609058046e+00
4.858704413753773821e+00
4.887739627546735299e+00
4.918775974665538619e+00
4.952161199139093917e+00
4.988315952250758301e+00
5.027751965333271400e+00
5.071094632915928990e+00
5.119110456602367520e+00
5.172738980519486773e+00
5.233126814452151443e+00
5.301656879819539370e+00
5.379957093266953372e+00
5.469856634601614864e+00
5.573233496050808533e+00
5.691672014551936165e+00
5.825857395909195269e+00
5.974750932176212004e+00
6.134894085108472339e+00
1.824479303200110536e-02
3.320474391293764427e+00
3.474703819178659892e+00
3.615095627776502063e+00
3.739814680887475262e+00
3.848957330925913300e+00
3.943830223436953553e+00
4.026247509799024016e+00
4.098087368762783456e+00
4.161072204382776363e+00
4.216688519030030946e+00
4.266179050105218806e+00
4.310566178714763552e+00
4.350685210087124943e+00
4.387217662404858665e+00
4.420720705657059213e+00
4.451651740783240108e+00
4.480388327209327670e+00
4.507244099707163443e+00
4.532481396923305539e+00
4.556321264144677308e+00
4.578951388634327380e+00
4.600532418739956775e+00
4.621203023482008732e+00
4.641083971592911972e+00
4.660281447290366863e+00
4.678889772160822247e+00
4.696993665771532100e+00
4.714670149766059026e+00
4.731990179232413496e+00
4.749020069636709529e+00
4.765822776428614738e+00
4.782459076780495977e+00
4.798988698267448783e+00
4.815471437378217701e+00
4.831968311491694479e+00
4.848542791559417253e+00
4.865262169666706882e+00
4.882199126734368733e+00
4.899433582174335555e+00
4.917054931376454441e+00
4.935164811516069783e+00
4.953880586032413547e+00
4.973339810341821376e+00
4.993706046931446707e+00
5.015176554119983976e+00
5.037992606572029075e+00
5.062453560488145321e+00
5.088936321953882569e+00
5.117922726006144174e+00
5.150038667553232585e+00
5.186110925882731593e+00
5.227250897986230882e+00
5.274979342423133488e+00
5.331412590285768971e+00
5.399534880162477180e+00
5.483563399798619287e+00
5.589267211667902302e+00
5.723032972459820122e+00
5.851990256033550608e+00
3.018543912960804931e+00
3.279827751996855056e+00
3.560936896335308077e+00
3.818127669325597662e+00
4.028990020950198314e+00
4.192957883773436478e+00
4.319102032252263079e+00
4.417253843192577634e+00
4.495171737674706236e+00
4.558410340973814812e+00
4.610842404124931626e+00
4.655171912047171290e+00
4.693311128456497450e+00
4.726635676864248126e+00
4.756153243049667800e+00
4.782615221153790230e+00
4.806591387431356388e+00
4.828520590157918235e+00
4.848745724673733548e+00
4.867538266829740223e+00
4.885115760222377368e+00
4.901654472634167092e+00
4.917298688719947464e+00
4.932167625264010091e+00
4.946360642160479770e+00
4.959961215256464939e+00
4.973039998349863211e+00
4.985657207198497254e+00
4.997864493275558928e+00
5.009706429531409100e+00
5.021221698262728239e+00
5.032444048181689666e+00
5.043403071145185379e+00
5.054124836836487944e+00
5.064632414724871801e+00
5.074946305931686830e+00
5.085084802619204147e+00
5.095064288697574995e+00
5.104899492746042711e+00
5.114603701801056168e+00
5.124188942932454971e+00
5.133666138168990756e+00
5.143045237283348392e+00
5.152335332094740039e+00
5.161544755287415853e+00
5.170681166213654478e+00
5.179751625712340157e+00
5.188762661642381424e+00
5.197720326540285818e+00
5.206630248594077415e+00
5.215497676935153315e+00
5.224327522101556376e+00
5.233124392405146708e+00
5.241892626831593738e+00
5.250636325023671169e+00
5.259359374834922995e+00
5.268065477880876202e+00
5.276758173487825943e+00
5.285440861398522649e+00
5.294116823581012099e+00
5.302789245475306501e+00
5.311461237014494685e+00
5.320135853762296030e+00
5.328816118535451452e+00
5.337505043911454194e+00
5.346205656070068812e+00
5.354921020486402838e+00
5.363654270090005838e+00
5.372408636613023702e+00
5.381187486029453737e+00
5.389994359182852968e+00
5.398833018993104638e+00
5.407707506000371644e+00
5.416622204503528160e+00
5.425581922232636245e+00
5.434591987403400992e+00
5.443658368277784376e+00
5.452787822103901227e+00
5.461988082802299083e+00
5.471268100299853998e+00
5.480638349562259037e+00
5.490111234953066521e+00
5.499701626920412423e+00
5.509427585413203765e+00
5.519311351633128915e+00
5.529380733281207050e+00
5.539671080061416397e+00
5.550228167502283760e+00
5.561112519635623030e+00
5.572406087880117376e+00
5.584222939420630638e+00
5.596727082546909315e+00
5.610163694434950443e+00
5.624917203137759003e+00
5.641627677953013453e+00
5.661447493645236584e+00
5.686684687178516384e+00
5.722737515690890397e+00
5.785825842141490760e+00
5.955653077453209043e+00
4.225346612230077348e+00
5.366142217645601065e+00
5.513640962249334088e+00
5.572730424406872274e+00
5.607928109310974740e+00
5.633408944658735429e+00
5.654067971009984817e+00
5.672055079576156622e+00
5.688475153011468777e+00
5.703967963891464876e+00
5.718944750451952608e+00
5.733698778087052972e+00
5.748463770204629952e+00
5.763449420298027093e+00
5.778867378028179402e+00
5.794955275310432086e+00
5.812004799134093069e+00
5.830401002175217506e+00
5.850684527490386699e+00
5.873659222013515091e+00
5.900593359314940223e+00
5.933628602530435892e+00
5.976698811329820948e+00
6.037879040075671888e+00
6.136535817400861070e+00
4.772251545247740978e-02
5.623327979418535350e-01
